"logFC"	"AveExpr"	"t"	"P.Value"	"adj.P.Val"	"B"
"4603"	-4.56963512534161	7.22528139473846	-19.8879468758315	1.84673362255963e-29	3.36567202711493e-25	56.0500784015942
"149628"	-3.16886474060638	7.40383316078462	-17.7921578750198	8.83892778555576e-27	1.20817094168815e-22	50.1805160801211
"197358"	-2.718832610013	7.64097184895385	-16.7525281689714	2.26565902047071e-25	2.06458178240394e-21	47.0713163036716
"154075"	-2.77710113124468	7.02421827255385	-16.3764779017983	7.55863736145702e-25	5.3788390239936e-21	45.9128020068054
"100528032"	-2.61442222318913	7.96994469832308	-15.2836380408709	2.76445200969848e-23	1.37405830572968e-19	42.4409319582201
"22914"	-2.61442222318913	7.96994469832308	-15.2836380408709	2.76445200969848e-23	1.37405830572968e-19	42.4409319582201
"445347"	-3.41684889817346	7.97783069289615	-14.6092435798733	1.32460656869531e-20	2.03291721536932e-17	40.1616905826856
"6967"	-3.41684889817346	7.97783069289615	-14.6092435798733	1.32460656869531e-20	2.03291721536932e-17	40.1616905826856
"6983"	-3.41684889817346	7.97783069289615	-14.6092435798733	1.32460656869531e-20	2.03291721536932e-17	40.1616905826856
"23180"	-1.97303621352128	7.68985025989231	-14.4998428465004	4.00525073970444e-22	1.45991389462227e-18	39.852601616721
"6095"	-3.0979216685591	9.25764557464615	-14.3551188925214	6.61775224690591e-22	2.12838590646812e-18	39.3655823400195
"2205"	-5.13433535303783	7.21678418223077	-14.3029077097442	7.93726925343752e-22	2.41094553573165e-18	39.1891845763924
"3821"	-3.76347136895863	6.63465578027692	-14.2845414769431	8.46219235285786e-22	2.43510719417107e-18	39.1270453156028
"3822"	-3.76347136895863	6.63465578027692	-14.2845414769431	8.46219235285786e-22	2.43510719417107e-18	39.1270453156028
"100506779"	-2.29729660259456	6.19516083407692	-14.1722727744317	1.25284442458627e-21	3.31906446637177e-18	38.7462041854232
"64968"	-1.62017970664539	7.41849630044615	-14.1012039015416	1.6074423836058e-21	3.99485965107488e-18	38.5042357126599
"10730"	-3.80260857248503	7.85213515327692	-13.630955570439	5.66735054429506e-20	8.24908599924369e-17	36.8417016189855
"868"	-2.43289988569858	5.03636118033846	-13.5839903298727	1.00534438993589e-20	2.19868818078978e-17	36.7225673351368
"10578"	-3.73151344457683	8.50353347336923	-13.5067437165836	2.29506821344851e-19	2.70871444540243e-16	36.3894687326086
"10801"	-1.20471798900236	10.0590156961077	-13.4786003316591	1.46680830287512e-20	3.0845286138345e-17	36.3550632094248
"83888"	-3.69305364505792	6.17083993481538	-13.3730265926273	2.14455326689503e-20	4.34272036546244e-17	35.9854066336426
"10225"	-2.56018429287943	5.07592712233846	-13.2855766901994	2.9406933499191e-20	5.32088019311556e-17	35.6780647896268
"29121"	-1.88264165191608	5.36560049164615	-13.2571327889625	3.25940595172599e-20	5.56900063783183e-17	35.5778757835792
"7049"	-3.27444272789598	5.69364936992308	-13.1988003306385	4.02648364513594e-20	6.67115131205477e-17	35.3720668467427
"11278"	-2.53764157019858	8.15644835178461	-13.1820161631086	4.27928443614849e-20	6.88146695724761e-17	35.3127636285578
"4068"	-3.15994116423641	7.40285704358462	-13.125455850675	5.25536307237315e-20	7.99589290720392e-17	35.1126398857534
"1880"	-2.12263454315248	8.41857601044615	-12.9762629104403	9.05365098833605e-20	1.30265359944019e-16	34.5826905718295
"28516"	-3.93278055986171	7.28087638186154	-12.8541858292865	1.41587625936374e-19	1.93532586201782e-16	34.146833375972
"51466"	-2.15828083939244	9.31183553626154	-12.6706951094425	2.78269544040586e-19	3.45781530009523e-16	33.4879559807083
"79961"	-1.80218303905319	8.5720117342	-12.5323569226972	4.64425563055984e-19	5.40265269363531e-16	32.9882480042697
"2534"	-2.10023161170449	6.45808546998462	-12.460628523207	6.0627164435295e-19	6.90581294895783e-16	32.7281513893411
"133746"	-2.16291081914657	7.17454197455385	-12.3757531321729	8.31754133456329e-19	9.28084841769894e-16	32.4195057235561
"27040"	-2.77026386668794	7.89667120116923	-12.3658307982267	8.63126979092597e-19	9.43829351637754e-16	32.3833617402754
"50809"	-1.18223984741016	10.7109659208154	-12.3453271643435	9.31791819665523e-19	9.98935641964951e-16	32.3086324257816
"23360"	-1.8118827054208	7.25647639972308	-12.2217183172259	1.47984491759948e-18	1.52661360131607e-15	31.85695114491
"1786"	-1.67827357630024	5.58320020507692	-12.2082236277339	1.55667670083006e-18	1.57613515959044e-15	31.8075192291597
"125488"	-2.23171966780851	6.93628171756923	-12.173662088357	1.77231981731248e-18	1.761847018392e-15	31.6808100642326
"22889"	-1.3226208190331	8.32449301844615	-12.1287658888822	2.09811478847157e-18	2.00519979611879e-15	31.5159804913924
"100616113"	-1.11501966353546	10.3805158216462	-12.0949807976066	2.38259362012398e-18	2.17113843633798e-15	31.3917715015116
"27250"	-1.11501966353546	10.3805158216462	-12.0949807976066	2.38259362012398e-18	2.17113843633798e-15	31.3917715015116
"59338"	-2.05819808555556	6.50029676223077	-11.9744101566351	3.75503750959268e-18	3.31139799737064e-15	30.9473001894577
"3560"	-3.00951715328014	7.75566295030769	-11.9338161776468	4.37828489465689e-18	3.79972581929152e-15	30.7972346328025
"54941"	-2.17020758566667	7.36463994881538	-11.7683172685408	8.20523212911888e-18	6.59736862734669e-15	30.1832552243011
"22807"	-2.94176352245863	6.78501699646154	-11.7252335315581	9.66806351501596e-18	7.66088945918113e-15	30.0228515781144
"5583"	-1.9661619969539	7.13017299086154	-11.708896607363	1.02891975196669e-17	8.03659820553979e-15	29.9619670730865
"93622"	-2.00941300608747	5.44570386007692	-11.686503876537	1.12065002666349e-17	8.50993613997586e-15	29.8784593645061
"9184"	-1.35924879272459	9.41239705746154	-11.6618039149883	1.2314308816011e-17	9.09844370966762e-15	29.7862746262387
"8320"	-2.94700256613121	5.49617697198462	-11.6442193529118	1.31696904800891e-17	9.60070435998499e-15	29.7205993851552
"26051"	-1.64120654579433	5.4872199216	-11.6332368428468	1.37340655761778e-17	9.88039520233579e-15	29.6795620714094
"55006"	-1.9386098803286	5.13092608609231	-11.5927068286008	1.60363436908074e-17	1.10985707758847e-14	29.5279873977981
"51348"	-3.20186952217376	7.73536993335385	-11.5611252729304	1.80971362020749e-17	1.23682615231055e-14	29.4097368778279
"4773"	-3.11604641007092	6.27048377869231	-11.5489338388783	1.8962336927385e-17	1.27995774259849e-14	29.364055560689
"84245"	-1.92755786006738	5.67815461167692	-11.5389058102001	1.97051826957322e-17	1.31387910230385e-14	29.3264667524738
"55619"	-2.48089896348936	7.94918168698462	-11.4310525336818	2.98121700576492e-17	1.96383180470117e-14	28.9214097933623
"9093"	-1.62497989679905	6.07199010706154	-11.3741536343761	3.71101871129644e-17	2.36011487955884e-14	28.7071451704319
"23157"	-1.9271536248948	8.29169545260769	-11.3553436025652	8.00083667986849e-17	3.87239044398897e-14	28.629209277146
"3003"	-3.30519968716076	8.13966490916923	-11.3412735951045	4.21233057653929e-17	2.61714970763961e-14	28.583149268254
"919"	-2.54954493521159	9.28065429927692	-11.3352890735497	4.31066437434037e-17	2.64815252434899e-14	28.5605666021874
"914"	-2.22462788963593	9.07300466498462	-11.3249878738764	4.48537695025118e-17	2.72486649727759e-14	28.521684764519
"4088"	-1.4779801754208	5.07883629372308	-11.2787152504143	5.36255861610278e-17	3.15266550898301e-14	28.3468711893644
"5533"	-1.64577308394917	5.38405389056923	-11.2596082568574	5.77344258173484e-17	3.32276813848792e-14	28.2746117351383
"23175"	-2.06264860403073	6.19568288476923	-11.2495023000264	6.0034466245535e-17	3.41915046039024e-14	28.2363750140851
"3932"	-1.87957631003783	9.86440418106154	-11.2199328236994	6.73086317616557e-17	3.71896002642575e-14	28.1244263630899
"6775"	-2.48325299606738	5.94191125678462	-11.2150210850737	6.86002310729878e-17	3.71896002642575e-14	28.1058206499657
"84678"	-1.61605387414303	6.29253684323077	-11.2146471390699	6.86995816495657e-17	3.71896002642575e-14	28.1044040211957
"28639"	-1.90139358336466	10.7425898751231	-11.188511767566	9.23874446934398e-17	4.64002742626985e-14	28.0037215350653
"864"	-1.8464644555721	5.51346590366154	-11.176470423211	7.96446032950002e-17	4.18306625470422e-14	27.9596907489479
"55750"	-1.86432902110047	4.31828731556923	-11.1742484709029	8.03332339723719e-17	4.18306625470422e-14	27.9512628540344
"23015"	-2.43373748176832	8.75935325833846	-11.1459553408997	8.96448925356167e-17	4.62390047111778e-14	27.8438955493982
"64172"	-2.04911643634634	5.30240624643077	-11.1371556143133	9.27571789490885e-17	4.70801645113386e-14	27.8104829011321
"5037"	-1.83051197363712	8.38449650883077	-11.1348014605904	9.36081014767651e-17	4.70801645113386e-14	27.8015426080726
"5588"	-2.31459864507565	6.65554162366154	-11.1224161069042	9.82161231056529e-17	4.88178775527416e-14	27.7544964002886
"124961"	-1.62229587179433	4.93507462963077	-11.0897598901916	1.11492208324464e-16	5.49174458571178e-14	27.6303641422623
"7374"	-1.82766071259102	4.5865896386	-11.0765829527515	1.1734832673365e-16	5.72858907514494e-14	27.5802407866436
"474344"	-1.32412497920213	10.2433017862308	-11.0373798410849	1.36669310326384e-16	6.49773438443047e-14	27.430997343604
"9451"	-1.48229065937825	7.8562412832	-11.0286147794798	1.4141025669803e-16	6.66517740083171e-14	27.3976049002421
"84656"	-2.09275938848109	9.61753082630769	-11.0148314716354	1.49202951722837e-16	6.91204353024544e-14	27.3450762935007
"2113"	-1.43917183875768	11.7830299378923	-11.0127095855991	1.50440453607537e-16	6.91204353024544e-14	27.336987764099
"10314"	-2.12426889393499	7.21179124689231	-11.0083555582479	1.53012231065822e-16	6.9716197779365e-14	27.3203887839818
"26528"	-1.13531957566785	8.32280232053846	-11.0032423845254	1.56089016247276e-16	7.04650484998005e-14	27.3008928863001
"10473"	-0.969324912869977	10.0684468530154	-11.0013664522831	1.57233395829459e-16	7.04650484998005e-14	27.293739430488
"3955"	-1.72877931043026	7.86108428735385	-10.9842343757787	1.68083561764374e-16	7.47151930037982e-14	27.228391196106
"84058"	-1.4343394419539	4.60631083316923	-10.9693987087579	1.78087113195016e-16	7.85234912414313e-14	27.1717749726995
"55556"	-1.52354242744444	6.36344812216923	-10.9558455956754	1.8774934220916e-16	8.21215622822867e-14	27.1200311112889
"23259"	-2.14668455990189	5.31307463044615	-10.9513962580285	1.91035129073072e-16	8.22428793863794e-14	27.1030395681107
"65108"	-1.93444197514066	8.2746854312	-10.949308479701	1.92596836187187e-16	8.22674376448003e-14	27.095065782997
"28951"	-2.6587059448487	6.95857487252308	-10.9308536241186	2.06973047138119e-16	8.52335760482914e-14	27.0245600019634
"115352"	-3.03138658480615	8.26708549295385	-10.9221946456055	2.14086210181429e-16	8.73519667288776e-14	26.9914653978654
"55425"	-2.23166234588889	6.23299366452308	-10.903839581938	2.2998946213106e-16	9.24608370736448e-14	26.9212840437074
"10781"	-1.97064445079078	7.73962798312308	-10.8669033551766	2.65691817133466e-16	1.03052723167254e-13	26.7799405567757
"170384"	-1.47171524911348	5.44660494430769	-10.8658390890547	2.66799426319265e-16	1.03052723167254e-13	26.7758656445155
"23635"	-1.35013419193381	7.1567224608	-10.8650296597527	2.67644932597166e-16	1.03052723167254e-13	26.7727663775592
"360"	-2.22087248100473	7.858582144	-10.8512047002802	2.8251001149735e-16	1.08015628521802e-13	26.7198198023737
"3587"	-1.88363610060757	8.49856769104615	-10.8381751179292	2.97280448607359e-16	1.12873670330607e-13	26.6698995722315
"57659"	-1.41068782373168	8.87574657506154	-10.83384116066	3.02363893142987e-16	1.14012040397192e-13	26.6532906387642
"57456"	-1.07185178213121	9.63202689078462	-10.8314239183566	3.05237094602145e-16	1.1430711059844e-13	26.6440261720621
"5993"	-1.79312243835579	7.18983600281538	-10.8271596527833	3.10372924017483e-16	1.15439725310584e-13	26.6276810892224
"11215"	-1.45217681054846	8.11815320804615	-10.8232933055962	3.1510469623658e-16	1.16407765315777e-13	26.6128594721876
"27347"	-1.82140191688062	5.9464926228	-10.8187721544097	3.207300742424e-16	1.1769071684029e-13	26.5955255350072
"92912"	-1.36147957470449	8.07673507915385	-10.79501478713	3.51995330045185e-16	1.2830229780147e-13	26.5044028854672
"144348"	-1.75667233115366	6.56634226095385	-10.7637143308562	3.9792448130254e-16	1.42199483759584e-13	26.3842518668342
"90135"	-0.988496029858156	6.13792185807692	-10.7448991546811	4.28390885155681e-16	1.50142766960813e-13	26.3119747270858
"100"	-1.96730832187116	6.8157788484	-10.6914352486838	5.28409893394254e-16	1.79980669868209e-13	26.1063829273614
"6480"	-1.42602783068676	9.73284858564615	-10.6837523410166	5.4459980255123e-16	1.82674811070482e-13	26.0768129297365
"81539"	-1.64195633880969	10.5081445160154	-10.6674601092005	5.8060385088562e-16	1.91411820197825e-13	26.0140859051093
"115426"	-1.27045477537116	8.87035945266154	-10.6672209935368	5.81149742164406e-16	1.91411820197825e-13	26.0131650648502
"817"	-1.80394338012648	6.43381562098462	-10.6169930534014	7.08072912063441e-16	2.26396996883442e-13	25.8195977198582
"961"	-1.36479795468676	10.0698156143077	-10.6084303950099	7.32343002039824e-16	2.31966905586838e-13	25.7865717651745
"56916"	-1.6052454632104	5.68897338587692	-10.5460824949699	9.3624261287453e-16	2.90846959425653e-13	25.5458590165549
"25845"	-1.90861324846927	4.90274042676923	-10.5064527255312	1.09467012529003e-15	3.28852137913364e-13	25.3926400016386
"90271"	-1.90861324846927	4.90274042676923	-10.5064527255312	1.09467012529003e-15	3.28852137913364e-13	25.3926400016386
"7188"	-2.46161701520804	7.34492948826154	-10.493116972989	1.15384151192213e-15	3.42860242740992e-13	25.3410429771003
"123036"	-1.84543235230615	6.90954815710769	-10.491233538492	1.16245397186775e-15	3.43552275199294e-13	25.3337543108056
"81606"	-2.06626370524705	8.4674235112	-10.4759561072306	1.2347482772128e-15	3.62956247616182e-13	25.2746186305856
"57212"	-1.28422349894563	5.32799492893846	-10.472727582339	1.25059607901597e-15	3.65648880321916e-13	25.2621185475464
"54843"	-2.77482570771395	5.48446668803077	-10.4639676848956	1.29463472085262e-15	3.76511454056473e-13	25.2281967728551
"5775"	-2.06970233530969	4.57763043252308	-10.4509538473278	1.36295827029342e-15	3.92502137777706e-13	25.1777871755455
"64112"	-1.13164498459456	8.13047203675385	-10.4486115972491	1.37563523658639e-15	3.93784589321261e-13	25.1687124935252
"9057"	-1.97669477153428	7.51069871770769	-10.4414401215737	1.41519218672718e-15	4.02998087548481e-13	25.1409241580829
"64062"	-1.77196984311229	8.08418735155385	-10.4236646159597	1.51824711725301e-15	4.27887428535094e-13	25.0720237030065
"2067"	-1.36436162971631	5.48390991984615	-10.4184807539102	1.54970006537089e-15	4.32295158541598e-13	25.0519240894863
"257068"	-2.77717530316549	5.05874552016923	-10.413245564761	1.58213012414112e-15	4.39101342829522e-13	25.0316226242514
"22880"	-1.42313656095626	7.37695619289231	-10.3846748388709	1.77153769066319e-15	4.89185975944495e-13	24.9207784897876
"9882"	-2.88476582974114	6.8432676638	-10.3819192815894	1.79097119391205e-15	4.92067085563525e-13	24.9100834516707
